nom	année	notes	adresse	horaires
Brisson	1893	Mal. des Voies urin. Mal. Vénér.	Isly 12	M. S. de 3 1/2 à 5 autres jours sur R.-V. Clin. Montmartre 20, L. Mer. V. 1 à 2. et le soir de 8 à 9
Brissot	1903		rue Paul-Dubois 3	8 à 9 s.
Broca (Auguste)	1886	CH. H. AGR.	Université 5	Mar. Jeu Sam. 1 à 2
Broca (André)	1895	AGR.	cité Vaneau 7	
Broca (Jules)	1905	Anc. Int. prov. des Hôp. de Paris	Pré-St-Gervais 13	L. Mer. V. 2 à 4
Brocchi (A.)			Seine 12	à Plombières du 1er juin au 1er octobre
Brochin	1873		r. de Grenelle 86	Lun. Jeu. Sam. 1 à 3
Brocq	1882	M. H.	97, bd. Malesherbes	sur rend.-v.
Brocq (Pierre)	1914	Prosecteur et chef de clin. chirurgicale à la Fac.	14 bis, r. Marbeuf	M. J. S. de 4 à 6
Brodier	1893	Anc. Int. des Hôp. de Paris, Chef de clin. Chir. à la Fac	Pierre-le-Grand 5	Mar. Jeu. Sam. 2 à 4
Brodier	1895	Anc. Chef de Cl. Méd. de la Fac. Anc. Assist. de Cons. à St-Louis	Bruxelles 16	Mar. et V. 3 à 4 1/2
Brodin (Paul)	1913	Anc. Int. des hôp., Chef de Clin. à la Faculté	r. de Rennes 66	Mar. Ven. 1 à 3 et sur rendez-vous
Bronislawski	1900	Gynéc. Accouch.	pl. Clichy 4	1 à 3
Brossard d'Aupois	1890		Rivoli 74	L. Merc. 1 1/2 à 3 h. V. sur rendez-v.
Brosset	1898		Michel-Bizot 212	L. M. V. 2 à 4, Mar. et S. 8 à 9 s.
Brot	1897		Secrétan 40	1 à 3. Jeu. exc. L. Mardi. S. 8 à 9 s.
Brouardel (Georges)	1897	I. M. H. Méd. de l'Hop. Necker Membre du Conseil supérieur d'Hygiène	47 r. de Verneuil	Mer. et V. 1 1/2 à 3 h. les autres jours sur rendez-vous
Broudic (L.)	1904	Accouch., Mal. des Fem. et enf.	pl. Denfert-Rochereau 12	M. J. S. 1 à 3
Brousse			12 bis, rue Picpus	
Broustail	1911	Anc. Int. de l'Hôp-Péan	Sq. du Roule 4	L M V 1 à 3
Bruch (Alfred)	1893	Ex-chef de service à l'Hôp. Français de Tunis	r. de l'Alboni 1	de 2 à 3
Brucker (G.)	1898	Anc. Int. Traitement spécial de l'Asthme et de l'Emphysème par l'Aérothérapie	Pyramides, 17	Tous les jours de 2 à 5
Bruder (Paul)	1901	Maladies Larynx, Nez. Oreilles	Labruyère 54	M. J. S. 2 à 3 1/2, les autres jours sur R.-V. Clinique rue de Clichy 62. Le matin de 9. h 1/2 à 10 h. 1/2 dim. exceptés
Brugniére	1904		Lapeyrère 10	1 à 3. Merc. Sam. 8 à 9 soir
Brühl (J.)	1890	M. H	Courcelles 99	L. Mer. V. 1 1/2 à 3 1/2 et sur R.-V.
Bruker (M.)	1917		av. République 18	
Brulé (Gab.)	1901	Mal. de la peau et du cuir chev	rue Berne 13	L. Mer. 2 à 4, V. 3 1/2 à 5 et sur rend.-v.
Brulé (Marcel)	1909		Dufrenoy 3	Mar. V. 2 à 5
Brumpt	1906	M. A. M. P. F. P.	Dupuytren 1	
Brun (E.)	1895	Acc. Mal. des femmes et enfants	Reaumur 15	2 à 3 et sur R.-V.
Brun (J.)	1901		Commandant-Rivière 10	
Bruneau de Laborie	1904	Electrothérapie	rue Clichy 28	L. M. V. 2 à 4 et sur rendez-vous
Brunel (J.)	1899	Mal. des yeux	Boul. St-Martin, 39	2 à 4. Clin. r. Meslay 46, 4 à 6
Bruninghaus (Mme G.)	1909	Ext. Int. des Hôp. de Paris Mal. des fem. et enfants. Accouch.	Damrémont 74	M. J. S. 2 à 4 et sur R.-V.
Bruslé (Léon)	1911	Ex-Int. provisoire des Hôp.	rue St-Jacques, 260	M. J. S. 1 1/2 à 3
Bruslon	1912	Anc. Répét. de clin. Obstét. et de Gynéc. à la Faculté et de la clin. Baudelocque. Méd. de l'Asile Mater.	av. Niel, 34	L. M. V. 2 à 4
Bruyelle (Abel)	1887		rue Donizetti 6	L. Mer. V. 1 à 3
